0
0
0
0
0
0
0
0
0

0000
0000
0000
0000
0000
0000
0000
0000
0000

0
1
1
1
1
1
0
1
0

000
101
101
000
000
000
000
000
000

000000
010010
111111
010010
010010
010010
111111
010010
000000

0000000
0001000
0111110
1001000
0111110
0001001
1111110
0001000
0000000

00000
00000
10001
01010
00100
01010
10001
00000
00000

0000000
0111000
1000100
1000100
0111000
1000101
1000110
0111001
0000000

0
1
1
0
0
0
0
0
0

000000
000111
011000
100000
100000
100000
011000
000111
000000

000000
111000
000110
000001
000001
000001
000110
111000
000000

0000000
1001001
0101010
1111111
0101010
1001001
0000000
0000000
0000000

0000000
0000000
0001000
0001000
1111111
0001000
0001000
0000000
0000000

0
0
0
0
0
0
1
1
0

0000000
0000000
0000000
0000000
1111111
0000000
0000000
0000000
0000000

0
0
0
0
0
0
0
1
0

0000000
0000001
0000010
0000100
0001000
0010000
0100000
1000000
0000000

0000000
0111110
1000001
1000111
1001001
1110001
1000001
0111110
0000000

0000000
0011000
0101000
0001000
0001000
0001000
0001000
0111110
0000000

0000000
0111110
1000001
0000001
0000010
0001100
0110000
1111111
0000000

0000000
0111110
1000001
0000001
0011110
0000001
1000001
0111110
0000000

0000000
0000110
0001010
0010010
0100010
1000010
1111111
0000010
0000000

0000000
1111111
1000000
1000000
1111110
0000001
0000001
1111110
0000000

0000000
0111110
1000000
1000000
1111110
1000001
1000001
0111110
0000000

0000000
1111111
0000001
0000010
0000100
0001000
0010000
0100000
0000000

0000000
0111110
1000001
1000001
0111110
1000001
1000001
0111110
0000000

0000000
0111110
1000001
1000001
0111111
0000001
0000001
0111110
0000000

0
0
0
1
0
1
0
0
0

0
0
0
1
0
1
1
0
0

0000000
0000011
0001100
0110000
1000000
0110000
0001100
0000011
0000000

00000
00000
00000
11111
00000
11111
00000
00000
00000

0000000
1100000
0011000
0000110
0000001
0000110
0011000
1100000
0000000

0000000
0111110
1000001
0000001
0000110
0001000
0000000
0001000
0000000

0000000
0111110
1000001
1001101
1010001
1011111
1000000
0111110
0000000

0000000
0001000
0010100
0010100
0111110
0100010
1000001
1000001
0000000

0000000
1111100
1000010
1000010
1111110
1000001
1000001
1111110
0000000

0000000
0111110
1000001
1000000
1000000
1000000
1000001
0111110
0000000

0000000
1111110
1000001
1000001
1000001
1000001
1000001
1111110
0000000

0000000
1111111
1000000
1000000
1111111
1000000
1000000
1111111
0000000

0000000
1111111
1000000
1000000
1111111
1000000
1000000
1000000
0000000

0000000
0111111
1000000
1000000
1001110
1000001
1000001
0111111
0000000

0000000
1000001
1000001
1000001
1111111
1000001
1000001
1000001
0000000

0000000
0011100
0001000
0001000
0001000
0001000
0001000
0011100
0000000

0000000
0001110
0000010
0000010
0000010
1000010
1000010
0111100
0000000

0000000
1000011
1000100
1001000
1110000
1001000
1000100
1000011
0000000

0000000
1100000
1000000
1000000
1000000
1000000
1000001
1111111
0000000

0000000
1100011
1010101
1010101
1001001
1001001
1000001
1000001
0000000

0000000
1100001
1010001
1010001
1001001
1000101
1000101
1000011
0000000

0000000
0111110
1000001
1000001
1000001
1000001
1000001
0111110
0000000

0000000
1111110
1000001
1000001
1111110
1000000
1000000
1000000
0000000

0000000
0111110
1000001
1000001
1000001
1001001
1000101
0111010
0000000

0000000
1111110
1000001
1000001
1111110
1000100
1000010
1000011
0000000

0000000
0111110
1000000
1000000
0111110
0000001
0000001
1111110
0000000

0000000
1111111
0001000
0001000
0001000
0001000
0001000
0011100
0000000

0000000
1000001
1000001
1000001
1000001
1000001
1000001
0111110
0000000

0000000
1000001
1000001
0100010
0100010
0010100
0010100
0001000
0000000

0000000
1000001
1000001
1000001
1001001
0101010
0101010
0110110
0000000

0000000
1000001
0100010
0010100
0001000
0010100
0100010
1000001
0000000

0000000
1000001
0100010
0010100
0001000
0001000
0001000
0011100
0000000

0000000
1111111
0000010
0000100
0001000
0010000
0100000
1111111
0000000

0000
1111
1000
1000
1000
1000
1000
1111
0000

0000000
1000000
0100000
0010000
0001000
0000100
0000010
0000001
0000000

0000
1111
0001
0001
0001
0001
0001
1111
0000

00000
00100
01010
10001
00000
00000
00000
00000
00000

000000
000000
000000
000000
000000
000000
000000
111111
000000

00
10
01
00
00
00
00
00
00

0000000
0000000
0000000
0111100
0000010
0111110
1000010
1111101
0000000

0000000
0100000
0100000
0100000
0111110
0100001
0100001
1011111
0000000

0000000
0000000
0000000
1111111
1000000
1000000
1000000
1111111
0000000

0000000
0000010
0000010
0000010
0111110
1000010
1000010
1111101
0000000

0000000
0000000
0000000
0111110
1000001
1111111
1000000
0111110
0000000

0000000
0000110
0001000
1111111
0001000
0001000
0001000
0001000
0000000

0000000
0000000
0000001
0111110
1000001
0111111
0000001
1111110
0000000

0000000
1000000
1000000
1000000
1111100
1000010
1000010
1000011
0000000

000
010
000
111
010
010
010
111
000

0000
0001
0000
0011
0001
0001
0001
1110
0000

000000
100000
100000
100011
101100
110000
101100
100011
000000

000
110
010
010
010
010
010
011
000

0000000
0000000
0000000
1110110
1001001
1001001
1001001
1001001
0000000

00000
00000
00000
11110
10001
10001
10001
10001
00000

0000000
0000000
0000000
0111110
1000001
1000001
1000001
0111110
0000000

000000
000000
011110
100001
100001
111111
100000
100000
000000

000000
000000
011111
100001
100001
011111
000001
000001
000000

0000000
0000000
1000000
0111110
1000001
1000000
1000000
1000000
0000000

0000000
0000000
0000000
0111111
1000000
0111110
0000001
1111110
0000000

00000
00000
01000
11111
01000
01000
01000
00111
00000

0000000
0000000
0000000
1000001
1000001
1000001
1000011
0111101
0000000

0000000
0000000
0000000
1000001
1000001
0100010
0010100
0001000
0000000

0000000
0000000
0000000
1001001
1001001
1001001
1001001
0110110
0000000

0000000
0000000
0000000
1100011
0010100
0001000
0010100
1100011
0000000

0000000
0000000
0000000
1100011
0010100
0001000
0010000
1100000
0000000

0000000
0000000
0000000
1111111
0000110
0001000
0110000
1111111
0000000

000000
000111
001000
001000
110000
001000
001000
000111
000000

0
1
1
1
1
1
1
1
0

000000
111000
000100
000100
000011
000100
000100
111000
000000

0000000
0000000
0000000
0110000
1001001
0000110
0000000
0000000
0000000
